0.01882171 0.5173081  0.03930303 0.02719282 0.13565093 0.01188091 0.15603991 0.08110185
0.01350968 0.8353455  0.01558162 0.04330532 0.01782021 0.00712415 0.02834337 0.0138443 
0.01261331 0.7517039  0.02602269 0.01373588 0.06706691 0.00924946 0.07299646 0.03546368
0.02238088 0.42139876 0.10771628 0.02232233 0.08371885 0.02022892 0.03428587 0.27194807
0.0157232  0.5919879  0.03521112 0.01853012 0.13348404 0.01021751 0.08593079 0.09926393
0.02095894 0.44719118 0.04505345 0.02488977 0.14374608 0.01748088 0.05299702 0.23112455
0.00527794 0.91722465 0.01459792 0.0029648  0.01838245 0.00430514 0.02328671 0.01118833
0.0104693  0.78173536 0.01258012 0.01070962 0.07771056 0.00656521 0.04664642 0.04464502
0.01738366 0.13172185 0.01735202 0.7484832  0.01096073 0.01261069 0.01276971 0.00915322
0.01248431 0.7893975  0.01178913 0.01623357 0.0507661  0.00827406 0.02288947 0.06690073
0.00422414 0.9563344  0.00824854 0.00448548 0.00609632 0.00321468 0.00976569 0.00329591
0.01395694 0.693575   0.07443216 0.02411874 0.0295719  0.01057703 0.01618526 0.1273104 
0.00460717 0.9434156  0.00637414 0.00632528 0.01294083 0.00301036 0.01219526 0.00605763
0.00387871 0.95824873 0.00572256 0.00268253 0.01090157 0.00283823 0.00603372 0.00515577
0.01949213 0.52617764 0.03428425 0.01925134 0.03551948 0.01724767 0.01593903 0.3146245 
0.00821192 0.8892252  0.0108757  0.01108176 0.02247875 0.00589669 0.01018835 0.02737074
0.00824348 0.89117897 0.00925797 0.01087466 0.02321331 0.00596772 0.01001283 0.02079978
0.00933535 0.88680804 0.00992549 0.03132335 0.01477907 0.00522849 0.01919153 0.00932776
0.01411778 0.7557816  0.01882661 0.0826567  0.02976938 0.0087081 0.06213832 0.01502654
0.01587    0.6973385  0.01640928 0.18609694 0.01758583 0.0082189 0.02012817 0.01066866
0.02258093 0.12076558 0.0229915  0.7035094  0.00807479 0.01292811 0.00897757 0.00738236
0.00712137 0.8775878  0.01004189 0.02593631 0.03220613 0.00414801 0.01264217 0.02286842
0.00380905 0.94869643 0.00347046 0.00426284 0.01589786 0.00227615 0.01333561 0.00411675
0.00315708 0.95798737 0.004315   0.00469731 0.01272002 0.00196507 0.00628958 0.00617468
0.00478768 0.9559625  0.00808392 0.00440644 0.00330267 0.00489366 0.01098606 0.0016635 
0.00302362 0.9651007  0.00489188 0.0010816  0.00385133 0.00359426 0.01478783 0.00101445
0.00541536 0.9368618  0.01188506 0.00363885 0.01088796 0.00486941 0.01682053 0.00354606
0.00825327 0.72209257 0.04308465 0.00118204 0.01131562 0.03283668 0.17341463 0.00288111
0.00548119 0.9518208  0.00434919 0.00636739 0.00487108 0.00424437 0.01110732 0.00130914
0.00810843 0.8742991  0.01626901 0.00951578 0.03654978 0.00628153 0.0251395  0.01538608
0.00377702 0.9420985  0.00406055 0.00137402 0.00386697 0.00634864 0.03409375 0.00102103
0.00518328 0.9423673  0.00361405 0.00430458 0.00325427 0.00822564 0.02498425 0.00114445
0.00200158 0.9807252  0.00344087 0.00117688 0.00379002 0.00161279 0.00395262 0.00133447
0.00211307 0.97903824 0.00331545 0.00126418 0.00416497 0.00169302 0.00504318 0.00141376
2.1585303e-03 9.7202873e-01 2.3892527e-03 7.3561043e-04 5.0534750e-03 2.0426619e-03 1.2732944e-02 9.7107759e-04
2.6251492e-03 9.7803086e-01 2.5611396e-03 1.1417742e-03 1.3919476e-03 3.3653316e-03 7.1853232e-03 4.9730064e-04
3.8093755e-03 9.6203560e-01 2.5374908e-03 2.9500113e-03 1.2457491e-03 7.4131778e-03 1.4899573e-02 4.4246795e-04
0.00649021 0.72143334 0.00650482 0.00263563 0.00579599 0.02731472 0.22351573 0.00195028
0.00826484 0.7664147  0.01174511 0.00511454 0.06170897 0.00694003 0.12484082 0.00926534
2.2080054e-03 9.8286659e-01 2.9602260e-03 1.2104098e-03 1.6769239e-03 1.9344767e-03 3.7515543e-03 6.1470323e-04
0.00376941 0.94893616 0.01196959 0.00151691 0.00388892 0.00546829 0.02019664 0.00187403
0.0111501  0.04210852 0.01106227 0.00816859 0.01732383 0.01250668 0.00778165 0.88095737
0.00681738 0.3963511  0.00514042 0.00258914 0.01521424 0.01776907 0.5488434  0.00210809
0.00541536 0.9368618  0.01188506 0.00363885 0.01088796 0.00486941 0.01682053 0.00354606
0.00597807 0.4589612  0.00521313 0.00168237 0.00988349 0.02173124 0.49053806 0.00196331
0.0077741  0.9264202  0.01045761 0.01037717 0.00529874 0.00589756 0.00438604 0.00283372
4.1229804e-03 9.5245475e-01 2.2747938e-03 3.3268530e-03 1.4651875e-03 8.2369540e-03 2.3119139e-02 4.7388460e-04
0.02034356 0.49523786 0.16822186 0.0077281  0.0890613  0.02668912 0.1107878  0.06969832
0.00559925 0.9188655  0.00396663 0.00794949 0.02429222 0.00352621 0.00663538 0.00547164
3.5804349e-03 9.6528637e-01 2.7643482e-03 3.2624537e-03 4.7378354e-03 2.6067079e-03 1.1339260e-02 9.5150218e-04
0.00344351 0.9510986  0.00227446 0.00445408 0.01897546 0.00193016 0.00678252 0.00422892
0.00932455 0.8103245  0.00770519 0.01849844 0.07599711 0.00506568 0.04383679 0.01389924
0.00526239 0.9188686  0.0145386  0.00385801 0.02005233 0.0040027 0.00995341 0.02052191
0.00912646 0.81445944 0.00677837 0.0218691  0.02947112 0.00645606 0.00636139 0.00585317
0.01885877 0.6351884  0.01121906 0.07955954 0.01852836 0.03227676 0.17771193 0.00462193
0.00802541 0.91541505 0.00529927 0.013269   0.00593571 0.00793275 0.02792743 0.00152787
0.00501368 0.94386256 0.00432054 0.00660308 0.00660678 0.00333783 0.00323682 0.0014224 
0.01012912 0.8738951  0.00700999 0.02889927 0.0125408  0.00737431 0.03786727 0.00281247
0.01283958 0.80632985 0.00849457 0.05140525 0.01750609 0.00795558 0.01783135 0.00361682
0.00771078 0.9185182  0.00569611 0.02382266 0.00650626 0.00518074 0.01001678 0.00196061
0.01099939 0.82605445 0.01161339 0.01778872 0.01947419 0.00950527 0.00470937 0.01537521
0.01124212 0.74888086 0.00838122 0.0306612  0.00847298 0.00826312 0.00374347 0.00222281
0.01084263 0.83968866 0.00868221 0.03411096 0.01450846 0.00933125 0.0649433  0.00356439
0.00912994 0.88228726 0.00707483 0.01434733 0.01694572 0.00595418 0.00971043 0.0035774 
0.00649232 0.92717826 0.00506064 0.01771854 0.00518396 0.00422595 0.00400973 0.00163187
0.00671338 0.90616864 0.00560248 0.00968239 0.0210245  0.00417789 0.0331157  0.00355738
0.0072982  0.91948575 0.00590194 0.01350432 0.01272402 0.0046036 0.01098337 0.00273513
0.01586426 0.71289384 0.01426212 0.06393704 0.04185286 0.01063553 0.01778179 0.00973949
0.00504458 0.9438955  0.00358098 0.00559209 0.00628968 0.00389669 0.02277474 0.00130422
0.00479615 0.9551518  0.00310868 0.00506802 0.00568854 0.00297848 0.00726868 0.00099376
0.01041643 0.83187073 0.00785927 0.02188981 0.01809727 0.00877782 0.08273464 0.00379043
0.00782262 0.9146652  0.00550578 0.02292195 0.005732   0.0052247 0.00697372 0.00167586
0.0096233  0.8968132  0.0062897  0.03519592 0.00496271 0.00676932 0.0095705  0.00164324
0.02089088 0.08454931 0.0147259  0.71672904 0.02805472 0.03652963 0.0687887  0.01122765
0.01891634 0.71640235 0.01465804 0.10043947 0.01773444 0.01852709 0.07308792 0.00510408
0.01357783 0.8033391  0.008785   0.05235172 0.00986493 0.01761977 0.07455852 0.00319782
0.00547412 0.86096776 0.01547234 0.00235339 0.00709911 0.01189021 0.09056839 0.00338398
0.00756334 0.9133305  0.00711672 0.00577126 0.00504781 0.00594006 0.00215846 0.00171547
0.00322916 0.96744394 0.00546692 0.00193027 0.00421219 0.00311821 0.00993757 0.00159864
0.01340537 0.8122264  0.01031015 0.03439852 0.00272938 0.00781476 0.00417875 0.00138076
4.5798193e-03 8.7802768e-01 2.0743110e-03 1.4887735e-03 2.0881970e-03 1.6623564e-02 8.9806221e-02 4.1937997e-04
0.0125794  0.86493427 0.00922126 0.04234868 0.00492863 0.01180034 0.00930001 0.00190115
3.9356858e-03 8.9150888e-01 8.9390706e-03 7.0159818e-04 6.5396670e-03 8.7879738e-03 7.5774111e-02 1.7075131e-03
0.00390898 0.963424   0.00415873 0.00271753 0.004355   0.00353087 0.01103714 0.00126099
0.00751857 0.9283186  0.01793013 0.00743928 0.00568623 0.00634107 0.00783349 0.00419262
0.00887334 0.88933897 0.00707929 0.0158576  0.00278973 0.00638038 0.0034518  0.00107623
0.00825327 0.72209257 0.04308465 0.00118204 0.01131562 0.03283668 0.17341463 0.00288111
2.7814738e-03 9.6713489e-01 4.3422524e-03 9.3831384e-04 2.0819409e-03 4.3640644e-03 1.5337681e-02 7.9958112e-04
0.00548119 0.9518208  0.00434919 0.00636739 0.00487108 0.00424437 0.01110732 0.00130914
4.9286350e-03 9.6230072e-01 3.0989130e-03 5.7080281e-03 1.2588868e-03 4.3845912e-03 3.0074203e-03 3.9355335e-04
0.00773918 0.81383353 0.01277687 0.00373469 0.01138202 0.01348346 0.12820674 0.00295355
0.00472407 0.95500755 0.00475138 0.00324776 0.00327846 0.00566368 0.01527989 0.00107156
0.0044246  0.92742014 0.00538759 0.00187087 0.00373999 0.0082009 0.0440331  0.00112492
0.005058   0.9014515  0.00672196 0.00173837 0.01052465 0.00700892 0.06118396 0.0017249 
0.00460408 0.869576   0.00455744 0.00097712 0.00580141 0.00963141 0.09967391 0.00116175
0.0064874  0.94490474 0.00769161 0.00574932 0.00399091 0.00721801 0.01103485 0.00162375
0.01019921 0.7392637  0.02077865 0.00649428 0.05509643 0.01091685 0.13547996 0.01331264
0.02532176 0.19568472 0.03244526 0.14407797 0.01689554 0.02060067 0.01651958 0.01669501
0.0051978  0.9173799  0.00515942 0.0030387  0.00668105 0.00693848 0.04872898 0.00165287
0.00942679 0.41687447 0.01098251 0.00810178 0.02151923 0.02584027 0.494707   0.00606521
0.00969457 0.00866647 0.9361802  0.00859137 0.00432273 0.00966802 0.00882245 0.00465401
0.01042298 0.00745335 0.9447833  0.00297637 0.00341463 0.01046261 0.00894333 0.00247305
0.01051998 0.00975264 0.9322747  0.00563123 0.00499987 0.01007632 0.0099933  0.00647034
0.01279957 0.01096499 0.921662   0.00630928 0.00609829 0.01363686 0.01204343 0.00572232
0.01107176 0.01086487 0.91108674 0.0083449  0.008304   0.01016673 0.01104778 0.01715562
0.01239353 0.01595207 0.83052576 0.017409   0.01311849 0.01136428 0.01289973 0.0721472 
0.00883178 0.00920846 0.93729514 0.00683828 0.00435735 0.00853931 0.00836892 0.00764469
0.00913084 0.00831151 0.9248902  0.0127297  0.00592001 0.00849886 0.00871651 0.0115583 
0.00830319 0.00733919 0.94385165 0.00632741 0.00417725 0.00748386 0.00735357 0.00653295
0.00586612 0.00670088 0.95704985 0.00412115 0.00281139 0.00664797 0.00486357 0.00561176
0.01088495 0.00887233 0.931402   0.0088033  0.00491565 0.01071097 0.01004213 0.00398073
0.00995273 0.01093965 0.92119277 0.00979489 0.00648685 0.00918671 0.01009007 0.01203357
0.00804591 0.00866906 0.9389076  0.00874841 0.00419766 0.0071181 0.00707521 0.00892238
0.00857092 0.00584752 0.95302814 0.00353573 0.00331818 0.00800794 0.00702553 0.00261004
0.00886763 0.00605337 0.95090973 0.00436896 0.00339824 0.00882862 0.00729011 0.00226595
0.01112792 0.01020121 0.9245955  0.00810414 0.00629173 0.01053955 0.0108988  0.0074024 
0.00968946 0.01050262 0.88700455 0.01311452 0.01003639 0.00908164 0.01011856 0.03895522
0.01026479 0.01027942 0.92386657 0.00810173 0.00645667 0.00934946 0.01001801 0.01131946
0.00759314 0.0087794  0.943282   0.00602091 0.00357706 0.00696828 0.00670435 0.00916076
0.00950235 0.01068395 0.9305482  0.00769838 0.00495471 0.0098625 0.00967644 0.00774476
0.00570097 0.0073828  0.9630691  0.00316987 0.00154833 0.0061506 0.00445907 0.00313003
0.01141038 0.0102712  0.9249188  0.00805749 0.00602783 0.01144587 0.01096977 0.00625281
0.01079937 0.0140902  0.89532536 0.0238108  0.01071901 0.01090337 0.01056084 0.01338715
0.00854847 0.00634691 0.9508265  0.00352002 0.00356043 0.00798921 0.00720053 0.00370434
0.01043101 0.00973862 0.9255198  0.00857178 0.00694166 0.01059183 0.01098091 0.0070717 
0.00779725 0.0075253  0.94155157 0.00665986 0.00465364 0.00697887 0.00695336 0.00982855
0.01146182 0.01075557 0.91971433 0.00992424 0.00693536 0.01187928 0.01209891 0.0062615 
0.00956986 0.00892006 0.9366345  0.00688991 0.00434201 0.00921699 0.00862118 0.00640378
0.00893315 0.0088424  0.9431478  0.00489519 0.00332721 0.00981039 0.00855749 0.0041115 
0.01185622 0.00975487 0.9262726  0.0068004  0.00590005 0.01175719 0.01137644 0.00525381
0.00622531 0.01221009 0.9446759  0.00718281 0.00295878 0.00582429 0.00448307 0.01022346
0.01018531 0.0167203  0.89849025 0.01561982 0.00798407 0.01024786 0.0099567  0.02011405
0.00896333 0.01444817 0.9177913  0.01175258 0.00606039 0.00824489 0.00803543 0.01556995
0.0100736  0.01187247 0.9124623  0.01683428 0.00772159 0.01091602 0.01011245 0.00941396
0.0123501  0.03211715 0.78598815 0.0117577  0.00908166 0.01152964 0.00903643 0.1154066 
0.00846576 0.01461326 0.9063871  0.00847695 0.00532311 0.00777043 0.00732602 0.03227834
0.00806999 0.02173485 0.8957602  0.01104749 0.00613475 0.00750982 0.00557999 0.0362608 
0.0065821  0.0161953  0.9391651  0.00777087 0.0030867  0.00632039 0.00486207 0.00966946
0.01994991 0.18667242 0.44464195 0.02267385 0.01427414 0.01904537 0.01107085 0.26970163
0.01043823 0.0472567  0.83370143 0.01218787 0.00611997 0.00908035 0.0068048  0.06502961
0.01352507 0.03810159 0.7776223  0.01374667 0.00832035 0.01204312 0.00925953 0.11331343
0.02102057 0.21594092 0.3284258  0.02648987 0.04451662 0.01965479 0.01675275 0.311334  
0.01077184 0.02014041 0.818118   0.01589438 0.01134218 0.01019659 0.00962555 0.09192884
0.01160004 0.01789612 0.7992949  0.01290838 0.01098836 0.01061558 0.01121456 0.11249567
0.00979185 0.01802949 0.85798997 0.01280018 0.0098409  0.00912767 0.00917621 0.06217811
0.00993025 0.01137368 0.9147551  0.0101244  0.00727778 0.00911321 0.01041332 0.0160547 
0.00800759 0.00925567 0.9317387  0.00719352 0.0052181  0.00727516 0.00738918 0.01517536
0.01028417 0.00935483 0.9292411  0.00681325 0.00578558 0.00925176 0.00946399 0.00949792
0.00896132 0.00862197 0.9395315  0.00626013 0.00418946 0.00856233 0.00802907 0.00692108
0.00752179 0.00790132 0.9527785  0.00424991 0.00226435 0.00906932 0.00706747 0.00214896
0.00958984 0.00862324 0.9415405  0.00514568 0.00330493 0.01100612 0.00887033 0.00321919
0.01001697 0.01261727 0.90098244 0.01325511 0.00902403 0.00947528 0.01029878 0.0232599 
0.00725626 0.00793392 0.9515773  0.00417433 0.00265272 0.00690935 0.00623006 0.00592038
0.00916725 0.00818753 0.9347264  0.00597946 0.00534535 0.00831636 0.0085429  0.00993862
0.01008433 0.00827021 0.93874    0.00541617 0.004525   0.00987602 0.00927742 0.00422463
0.01049181 0.00956656 0.924933   0.0091773  0.00660315 0.00973259 0.01007103 0.00880413
0.01063567 0.00908065 0.9295549  0.00643408 0.00667259 0.01068302 0.01064425 0.00622859
0.01075866 0.01069888 0.9188035  0.01019952 0.0073761  0.01025194 0.01104583 0.01005139
0.01080597 0.00949292 0.92553914 0.00871729 0.00674306 0.00997589 0.01035608 0.00769489
0.01120925 0.01146609 0.91005665 0.01125102 0.00946913 0.01095981 0.01211156 0.01219105
0.01050934 0.01183898 0.87855273 0.01141236 0.01007418 0.00955876 0.01073215 0.04501876
0.009305   0.00887073 0.9237442  0.00761512 0.00704037 0.00847746 0.00900799 0.01582743
0.0095573  0.00875475 0.93092364 0.00738542 0.00572936 0.00851253 0.00899429 0.0102305 
0.00824168 0.00928799 0.92764956 0.00714273 0.00593372 0.00763884 0.0080094  0.0169786 
0.01016412 0.00879794 0.9334932  0.00712592 0.00516102 0.00973907 0.00978403 0.00567351
0.00962674 0.00869323 0.9387043  0.00575769 0.00436747 0.01010355 0.00932222 0.00436006
0.00990369 0.00868609 0.9342475  0.00788914 0.00511079 0.00967889 0.00969841 0.00504502
0.00959195 0.0102255  0.9334547  0.00588785 0.00453059 0.00998749 0.00930293 0.00774836
0.00742879 0.00818112 0.94480693 0.00689057 0.00394661 0.00666456 0.00651781 0.00788383
0.01130688 0.01113651 0.9186582  0.00942357 0.00710859 0.01132789 0.01134117 0.00886971
0.01243446 0.01228625 0.8973581  0.01533856 0.0114429  0.012791 0.01378072 0.0125375 
0.00866081 0.00935848 0.9361309  0.00779536 0.00517891 0.01009646 0.00878862 0.00534323
0.01098085 0.0086841  0.9330087  0.00581896 0.00573391 0.01053478 0.01024854 0.00486939
0.00967638 0.00868674 0.9377524  0.00614251 0.00425872 0.00907009 0.00881701 0.00601954
0.01114098 0.0119453  0.90695804 0.01178293 0.00859596 0.01031568 0.01144264 0.01640076
0.00939513 0.01010644 0.9109787  0.00942693 0.00646238 0.00818948 0.00886799 0.02575849
0.01186341 0.01028573 0.9230653  0.00754393 0.00632763 0.01110539 0.01117263 0.00727605
0.00854316 0.01034079 0.9250767  0.00862641 0.00559543 0.0075005 0.00794846 0.01701682
0.01041175 0.00992175 0.91119474 0.01360519 0.00949777 0.01123579 0.01055613 0.01211604
0.01194395 0.0115574  0.8820069  0.01842501 0.01636961 0.01264718 0.01371919 0.02038997
0.01132186 0.01064188 0.92578864 0.00691208 0.00559087 0.01182833 0.01111495 0.0062226 
0.01165571 0.01001545 0.8990468  0.01981723 0.0116809  0.01319227 0.01278152 0.00972163
0.00950629 0.00754374 0.9445661  0.00484968 0.00381579 0.00902927 0.00832228 0.00323725
0.00984783 0.00936007 0.92498237 0.00725049 0.00693395 0.0090064 0.00970278 0.01259972
0.01161467 0.00932997 0.9285787  0.00635541 0.00585768 0.01171852 0.01099227 0.00473417
0.00832238 0.00918092 0.93760777 0.00753191 0.00525462 0.00794379 0.00770138 0.00787727
0.01169136 0.00894179 0.9287853  0.00560298 0.00640941 0.01321492 0.01210521 0.00302575
0.01151233 0.00967722 0.92990047 0.00490773 0.00575241 0.01144056 0.01086698 0.00546681
0.01277531 0.01256673 0.8983625  0.00922143 0.01018765 0.01234804 0.01278807 0.01897855
0.01310784 0.01308377 0.8910421  0.01027255 0.01088036 0.0125272 0.01316422 0.02248585
0.01098078 0.00997838 0.91907704 0.00871819 0.00827611 0.01050316 0.01131232 0.01016902
0.01013214 0.00874627 0.9291467  0.00851244 0.00624078 0.01029724 0.00945742 0.00660504
0.00768042 0.00632576 0.9531008  0.0051068  0.00288273 0.00726651 0.00623794 0.00357333
0.01164472 0.01249589 0.90315175 0.01349446 0.00994532 0.01144223 0.01307528 0.01292961
0.00895451 0.00833838 0.93652105 0.01088382 0.00413486 0.00897329 0.00826265 0.00492801
0.01163248 0.01191697 0.91380066 0.01064564 0.00700852 0.01165451 0.01170376 0.01022793
0.01023108 0.00996081 0.9227608  0.01009303 0.00647133 0.00928519 0.00997779 0.01048905
0.0101386  0.01117776 0.9199873  0.00928628 0.00634913 0.00956121 0.00988192 0.01308051
0.01135071 0.01178977 0.91245794 0.01009197 0.00806377 0.01072901 0.01170045 0.01231219
0.01061226 0.01035224 0.9180464  0.01062969 0.00799777 0.01008002 0.01100648 0.0103619 
0.01047895 0.01132925 0.00918189 0.91992205 0.00677882 0.01175487 0.01053825 0.00855624
0.01090086 0.01165557 0.0098998  0.88481474 0.03524509 0.01079698 0.01746712 0.00895986
0.01067202 0.0108239  0.00984537 0.91090864 0.01093524 0.01497528 0.01141312 0.0098367 
0.01047539 0.00988437 0.00951614 0.920251   0.00700348 0.01125248 0.00986831 0.00977074
0.01032958 0.01012172 0.00852471 0.923059   0.00626743 0.01216171 0.0100916  0.00827803
0.01100477 0.01474494 0.0103905  0.91563416 0.00619674 0.00955273 0.00997581 0.00796461
0.0091022  0.0076063  0.00704774 0.9030351  0.03970036 0.00740361 0.01127797 0.00657583
0.01089294 0.01021811 0.01000614 0.91202706 0.01080789 0.01437038 0.0105998  0.00998917
0.01323801 0.01102577 0.01139478 0.85973006 0.04662942 0.01974593 0.01596657 0.00993176
0.01051038 0.00985336 0.00940279 0.8975665  0.03073404 0.0079252 0.01364898 0.00908384
0.01077281 0.01165552 0.00933465 0.9160413  0.00611577 0.01433254 0.01035082 0.00956108
0.0105562  0.01073055 0.00944608 0.919709   0.00626698 0.01176439 0.01003098 0.00964313
0.01039062 0.01028721 0.00935574 0.9193637  0.00763864 0.01164088 0.01043568 0.00932613
0.01039702 0.01094604 0.00899591 0.9229135  0.00559609 0.0108498 0.0099107  0.00856066
0.01110996 0.01087513 0.00927905 0.90821373 0.00800595 0.02096906 0.01041935 0.01009738
0.01080194 0.01040151 0.00977814 0.9137545  0.00835325 0.01475661 0.01051819 0.01017333
0.01074387 0.0120979  0.00891242 0.9138882  0.0069584  0.01663356 0.0111915  0.00872254
0.01090369 0.01076062 0.00984228 0.90619725 0.01098805 0.02037553 0.01073344 0.01004127
0.0109247  0.0107176  0.00924654 0.90964866 0.00878856 0.01931304 0.01087875 0.00977255
0.01004416 0.00878122 0.00885308 0.9260884  0.00776987 0.00798827 0.00981268 0.0082827 
0.01057852 0.01179229 0.00871322 0.91762537 0.00656548 0.01503987 0.0107864  0.00824631
0.01349312 0.01580831 0.01289159 0.8453204  0.02937774 0.0365813 0.02165753 0.01277146
0.01028934 0.00876274 0.00910714 0.92417836 0.00967532 0.00878475 0.0088349  0.0087805 
0.01061375 0.01110617 0.01018049 0.91993505 0.00537057 0.0089217 0.00917806 0.01008763
0.01162714 0.01142294 0.01105277 0.86932623 0.04028852 0.0218064 0.01385596 0.01062834
0.01094776 0.00951652 0.00951355 0.9165644  0.01070247 0.01316416 0.00951135 0.00890875
0.01127775 0.0114958  0.01045772 0.8909763  0.02271043 0.01599934 0.01593017 0.01038831
0.01062945 0.0112528  0.00989161 0.9159841  0.00793819 0.012322 0.01051225 0.00979439
0.011202   0.00960613 0.01051819 0.87124985 0.05602771 0.00863834 0.01079301 0.01046813
0.01080282 0.01223206 0.0109376  0.9135533  0.006981   0.00686088 0.0098879  0.00778871
0.01057749 0.01023217 0.00928542 0.92049336 0.00499259 0.01234146 0.0094848  0.01024619
0.01072562 0.01300766 0.00948231 0.9199613  0.00587092 0.00999018 0.01006495 0.0078641 
0.01015533 0.01050949 0.00854972 0.920723   0.0099573  0.00972729 0.01214656 0.00715556
0.01073593 0.01114181 0.00950042 0.9179754  0.00524731 0.01258638 0.00992633 0.01026041
0.01215691 0.0101002  0.00886772 0.84176767 0.0763623  0.00756631 0.02034771 0.00934628
0.01079783 0.01076681 0.00960744 0.9096875  0.01023927 0.01703717 0.01140316 0.00970748
0.01604312 0.01432924 0.0136884  0.7625829  0.11836526 0.01919912 0.02827216 0.01209921
0.01112641 0.00970185 0.01039676 0.90699065 0.01651226 0.01441438 0.01002742 0.01002836
0.0104849  0.00937518 0.00936589 0.9194137  0.00821876 0.01243894 0.00993788 0.00960776
0.00855468 0.01073446 0.0119803  0.8473653  0.07540365 0.00738547 0.01453979 0.0133008 
0.01118627 0.01132069 0.0092111  0.9058766  0.00788116 0.02263091 0.01074685 0.01014469
0.01333497 0.01471586 0.01073854 0.83789706 0.01259102 0.07049263 0.01575172 0.01230981
0.01128799 0.01125122 0.00949681 0.9035717  0.00871133 0.02337442 0.01081725 0.01045074
0.01268577 0.00968834 0.00977038 0.87161857 0.04741367 0.01209211 0.0157448  0.00858838
0.01046712 0.00944861 0.00915782 0.92268753 0.00602852 0.0113828 0.00931263 0.00945739
0.0102931  0.00870295 0.00966435 0.9253173  0.00634839 0.00802219 0.00866842 0.01000941
0.00938072 0.00881876 0.00822615 0.9251846  0.01189172 0.0065379 0.01092757 0.00759726
0.01031659 0.01068678 0.00952073 0.9173567  0.00823986 0.01269119 0.01075842 0.00969212
0.0127786  0.0155711  0.0103492  0.86428744 0.00737414 0.05261358 0.01550869 0.01010731
0.01099029 0.00940335 0.00996961 0.88117427 0.0473623  0.01272242 0.00988843 0.00861779
0.00955327 0.00852634 0.00921326 0.90228355 0.0338941  0.00601653 0.00888919 0.00984484
0.0105131  0.01141836 0.00945846 0.92574126 0.00426139 0.00800285 0.00851444 0.00768278
0.01068157 0.01121304 0.00993869 0.9219069  0.00422253 0.00824531 0.00866373 0.009625  
0.01094781 0.01162734 0.0094569  0.8965532  0.01551055 0.02100725 0.01504724 0.00988254
0.01058894 0.00936346 0.00937732 0.91398156 0.01421544 0.01128158 0.01106044 0.00918183
0.0112433  0.0101889  0.00990315 0.89531183 0.02606329 0.01392056 0.01320591 0.00937496
0.01090484 0.01015023 0.00946286 0.9159447  0.00653091 0.01524482 0.0095952  0.01024049
0.01264987 0.01205003 0.0105472  0.84727323 0.06231733 0.01102422 0.02127036 0.01051434
0.01222366 0.00867574 0.00973131 0.86735445 0.06151999 0.01149397 0.00952941 0.0078125 
0.01552336 0.01504197 0.01199061 0.23138161 0.6456467  0.01147757 0.04143266 0.01334433
0.01089305 0.01025174 0.01014787 0.91235846 0.00993278 0.01468933 0.01039    0.01009505
0.01092346 0.00842746 0.00973986 0.915264   0.01802262 0.01071872 0.00753816 0.00839128
0.01115086 0.00997631 0.00993285 0.90007347 0.01916421 0.01784252 0.01155334 0.00993556
0.01070053 0.01135929 0.00948596 0.91489935 0.00751566 0.0142605 0.01080262 0.00959446
0.01303926 0.01133054 0.00981132 0.84864295 0.05732589 0.01518022 0.02321478 0.00914241
0.01030646 0.0099704  0.00946381 0.9221562  0.00636536 0.00998289 0.00988972 0.00964596
0.01116393 0.00897191 0.00976992 0.9121766  0.01523602 0.01479764 0.00873074 0.00870762
0.01087212 0.0093039  0.00928884 0.90605795 0.02211708 0.01039595 0.01210472 0.00884732
0.01072408 0.01000541 0.00928023 0.9189374  0.00594403 0.01325232 0.00970251 0.00994736
0.01123294 0.00956218 0.00993547 0.89914864 0.02588762 0.01179532 0.01183179 0.00936817
0.01049942 0.00914255 0.00870167 0.9237006  0.00613974 0.01253568 0.00913371 0.00874246
0.01074871 0.00975523 0.00903495 0.91708225 0.00770516 0.01636074 0.00941813 0.00912938
0.01008381 0.01131298 0.0118738  0.90103716 0.02012919 0.01079062 0.01178549 0.0123027 
0.01093303 0.00960984 0.00970098 0.9121698  0.01273076 0.01569102 0.0097424  0.00908541
0.01085333 0.008512   0.00851629 0.8903621  0.04509893 0.01108333 0.0088096  0.00690306
0.01046345 0.00899407 0.00912977 0.92181695 0.01016356 0.01066673 0.00915331 0.00854116
0.01244557 0.01327498 0.01001325 0.8635951  0.01076518 0.0547166 0.01314419 0.01112498
0.01052896 0.01169001 0.00897955 0.9194849  0.0060382  0.01339966 0.01021152 0.00868338
0.01084866 0.01106536 0.00868066 0.9141697  0.00596122 0.018487 0.01029974 0.00930498
0.01044069 0.01090132 0.00961253 0.9173876  0.00809499 0.01181612 0.01083289 0.0095028 
0.01621635 0.01398232 0.0127941  0.24688937 0.6279766  0.01312464 0.04126252 0.01280273
0.0105071  0.00964686 0.00931497 0.91861767 0.008428   0.01268526 0.010222   0.00923271
0.0109776  0.0092021  0.00984834 0.909646   0.0185496  0.01175087 0.0098066  0.00925902
0.01005443 0.0103027  0.00931889 0.9232492  0.00654458 0.00949056 0.01007742 0.00943552
0.01053532 0.01133835 0.00972111 0.91939384 0.00607039 0.01043472 0.01012569 0.00965897
0.01030146 0.01025598 0.00991321 0.9225138  0.00560654 0.00831188 0.00941992 0.01015898
0.01766849 0.01441775 0.01393613 0.6634847  0.21480861 0.01987476 0.02688058 0.0125545 
0.01043168 0.00926329 0.00940408 0.92256075 0.00719723 0.0095293 0.00949697 0.00931092
0.0101636  0.00990914 0.00879451 0.9259873  0.005467   0.00925826 0.00962008 0.00842994
0.01072237 0.01132464 0.00949282 0.9140974  0.00764298 0.01480657 0.01088581 0.00970334
0.01045771 0.01069351 0.00997931 0.91895187 0.00693732 0.01033911 0.0101457  0.01028594
0.01134595 0.00925297 0.00996957 0.90663797 0.01792581 0.01400207 0.01053332 0.00919753
0.01124978 0.01162513 0.0091883  0.9047766  0.00701849 0.02374064 0.01061821 0.01053555
0.01083885 0.00994379 0.01002039 0.9121413  0.01109635 0.01418617 0.01063808 0.01008345
0.01068994 0.00909257 0.00967707 0.9154592  0.01513453 0.00894536 0.00988179 0.00937469
0.01183705 0.00850791 0.00939646 0.9018692  0.0263338  0.01644727 0.00837917 0.00698174
0.0105347  0.01188137 0.00882983 0.9238576  0.00514044 0.01059623 0.00946808 0.00762541
0.01069701 0.00978507 0.0096068  0.918671   0.00658115 0.0126242 0.00971984 0.01014036
0.01055417 0.00993192 0.00950985 0.9169385  0.00921594 0.01314195 0.0103081  0.0095386 
0.0146473  0.0107535  0.01062546 0.6718001  0.2466604  0.00995563 0.01344674 0.00834963
0.00892478 0.01432195 0.00908047 0.01411602 0.8686058  0.00852137 0.05643927 0.01128586
0.00721044 0.00501733 0.00421395 0.00695391 0.9240071  0.00576835 0.03537872 0.00430731
0.00950272 0.00660188 0.00637713 0.0227101  0.9025212  0.00713867 0.02929854 0.0066828 
0.01270828 0.02854326 0.02462635 0.01475785 0.81466657 0.01696946 0.06332047 0.01326872
0.01228188 0.00939513 0.00882246 0.09588461 0.8140886  0.01374466 0.02906452 0.00637792
0.00980412 0.02679409 0.00922292 0.00427261 0.54886484 0.01390619 0.36983398 0.00807489
0.0088606  0.01228997 0.00646406 0.00844611 0.8287933  0.00550247 0.09517391 0.02408711
0.00918406 0.00772269 0.00737143 0.01475515 0.90264416 0.00774335 0.03381158 0.00720894
0.0092596  0.01148436 0.0074525  0.01529171 0.8425096  0.0073834 0.08602902 0.01107851
0.01359087 0.05446484 0.01423169 0.07400405 0.66852075 0.00902544 0.06241235 0.08926336
0.01502654 0.148109   0.01583432 0.02844889 0.38038075 0.00897496 0.34418392 0.04641182
0.01033709 0.02694072 0.01092227 0.01694581 0.02217868 0.01219001 0.01005607 0.8801955 
0.01195251 0.02454459 0.0162975  0.02788582 0.03587051 0.01500806 0.01447814 0.8368932 
0.01235414 0.01314179 0.01141318 0.01000674 0.8283677  0.00856992 0.0597834  0.04109554
0.01029808 0.01046239 0.00755369 0.00979642 0.86972195 0.00635968 0.04505711 0.02807919
0.00869525 0.01035729 0.00673872 0.0061668  0.905856   0.0075178 0.03273485 0.0127378 
0.01550614 0.0134553  0.01276815 0.08796994 0.7163175  0.03956414 0.09081136 0.0093553 
0.01019846 0.00975764 0.00860361 0.01824211 0.86597645 0.00772732 0.05724442 0.01071357
0.00920548 0.02053992 0.00850748 0.00464835 0.5684615  0.00891554 0.35517365 0.01437637
0.00977365 0.04803386 0.00966109 0.00602314 0.38333055 0.01181696 0.5110104  0.0119294 
0.00810571 0.01245416 0.00580519 0.0024185  0.57390726 0.00835683 0.36731046 0.01190708
0.01230525 0.09616674 0.01824091 0.00882162 0.35966834 0.01216404 0.46055046 0.02110708
0.02225023 0.08317182 0.02591842 0.1735406  0.29273337 0.02613632 0.34044042 0.01887706
0.01086993 0.07567675 0.01140619 0.01206524 0.2313258  0.01479306 0.626083   0.00930205
0.0130804  0.12770693 0.01132201 0.01549484 0.45469663 0.00785488 0.30091038 0.05626082
0.0122576  0.08713204 0.01022377 0.01587729 0.5216585  0.00738372 0.2765392  0.05683083
0.00948626 0.00831225 0.008112   0.01583281 0.89187056 0.01006789 0.04024618 0.00690864
0.01210332 0.03988484 0.01322769 0.03078918 0.7105818  0.00964364 0.15503892 0.01787931
0.00978497 0.00711574 0.00682635 0.03489795 0.884603   0.01045858 0.03219565 0.00543451
0.00961092 0.00695179 0.00669364 0.02936735 0.89645106 0.00956881 0.02745079 0.00540417
0.01319841 0.00954499 0.00971278 0.11236297 0.7642619  0.04150772 0.03197382 0.00682714
0.015119   0.01267593 0.01324146 0.69098616 0.2050204  0.01894473 0.01947275 0.01160861
0.0095483  0.01314603 0.00711803 0.01717085 0.04008504 0.01145885 0.01079828 0.88222396
0.0093626  0.02158212 0.01201366 0.00598792 0.8612764  0.01218378 0.05492435 0.01451302
0.00744231 0.00461544 0.00415791 0.00384358 0.92755777 0.00776743 0.0338824  0.00339134
0.00959506 0.01955173 0.00989851 0.00615845 0.807388   0.01166397 0.11830539 0.00903352
0.00936783 0.00658621 0.00709736 0.01667105 0.893489   0.02156663 0.03284881 0.00416075
0.00954221 0.01764014 0.01032496 0.01728599 0.86278844 0.01187387 0.05375689 0.00843737
0.00977525 0.01086433 0.00944235 0.01438912 0.846664   0.0106961 0.08012942 0.00814212
0.01090939 0.00956863 0.00999934 0.8455838  0.08387208 0.00670443 0.01100619 0.00989277
0.01276079 0.01229068 0.01076433 0.13655436 0.7600825  0.00808418 0.03175383 0.01459076
0.00938884 0.01600807 0.01152631 0.01243656 0.86880636 0.01064353 0.05217829 0.01013919
0.00724021 0.00785846 0.00419204 0.00445849 0.9307091  0.0064353 0.02494794 0.00663096
0.00979647 0.01370311 0.00791824 0.02982945 0.8619428  0.00572612 0.03537776 0.02338762
0.00736077 0.0169781  0.00391704 0.00573056 0.88590866 0.00496027 0.05089385 0.01615366
0.00568745 0.00945596 0.00253115 0.00234075 0.9282339  0.00444594 0.02679549 0.01450983
0.00730819 0.00536416 0.00412919 0.00812164 0.9396578  0.00567576 0.01932889 0.00338464
0.00976161 0.00592188 0.00575735 0.01492793 0.9035822  0.00946211 0.03800993 0.00353629
0.00770048 0.00502571 0.00402234 0.00605603 0.9366532  0.0056649 0.02299685 0.00387374
0.01284513 0.007789   0.00807461 0.10718819 0.8125579  0.01234046 0.02216233 0.00599631
0.01271169 0.00848795 0.00890951 0.08581211 0.8299478  0.01164243 0.02517722 0.00625929
0.00723426 0.01017189 0.00474712 0.00752303 0.92598915 0.00582189 0.02198767 0.00910791
0.01139141 0.00772032 0.00776357 0.06760253 0.86045593 0.0090702 0.0204935  0.00551882
0.00830655 0.00678928 0.00450528 0.00497167 0.88979506 0.00541924 0.05789373 0.01138052
0.00936523 0.01462301 0.00936977 0.02835122 0.86442906 0.00681504 0.04257848 0.01536981
0.00780563 0.01218385 0.00729958 0.00596067 0.9047313  0.00807979 0.03790162 0.00888632
0.01025166 0.01018818 0.00856612 0.048383   0.8505273  0.00729911 0.04275815 0.01171119
0.01646564 0.02478603 0.01777447 0.12497524 0.67046356 0.02006267 0.09585779 0.01505805
0.01609061 0.01604283 0.01530243 0.5553147  0.32455042 0.01463181 0.02922516 0.01374749
0.00814742 0.01359067 0.0079954  0.0096218  0.8864076  0.00740305 0.04896129 0.01008038
0.00930348 0.00857854 0.0069408  0.02172497 0.89619744 0.00591423 0.03189615 0.00904005
0.00797322 0.00782519 0.00642243 0.01362074 0.9176345  0.00745367 0.02545677 0.00587669
0.0074078  0.00701194 0.00535602 0.00947212 0.92110974 0.00581542 0.03018942 0.00623779
0.00842825 0.01440426 0.00972305 0.0059579  0.90263444 0.01186988 0.0316528  0.00779754
0.00945592 0.00856354 0.00812726 0.02424707 0.8863004  0.01440847 0.0345224  0.00591278
0.01077627 0.00845024 0.00859047 0.05444833 0.8680024  0.00689525 0.01918421 0.01203949
0.00943761 0.0071347  0.00763143 0.02127744 0.90959746 0.00706133 0.01715335 0.01007107
0.00909279 0.00595321 0.00579145 0.01698063 0.9269112  0.00674248 0.01330423 0.00597812
0.01224614 0.00741127 0.00742278 0.11008971 0.8221269  0.00905724 0.01374485 0.00647947
0.00926943 0.00647194 0.00608977 0.03008812 0.9089079  0.00580921 0.0154199  0.00802499
0.00983536 0.00683291 0.00693107 0.03161025 0.90340775 0.00704703 0.01655821 0.00772763
0.00782298 0.00840805 0.00444315 0.00402598 0.9174718  0.00645525 0.02999368 0.01266864
0.01054849 0.00833118 0.0099171  0.05926995 0.85121584 0.00715955 0.02394885 0.01560194
0.01053324 0.00772837 0.00914256 0.03823354 0.88484216 0.00952679 0.0216418  0.00760916
0.01085019 0.008923   0.01051134 0.05014507 0.8554991  0.00691816 0.02286773 0.01895935
0.0102568  0.00677823 0.00775013 0.01906785 0.90690476 0.00758706 0.02138074 0.00866351
0.01151385 0.00887097 0.01012799 0.8695113  0.06027872 0.01087866 0.00933574 0.00855229
0.00963216 0.00630272 0.00623197 0.03542925 0.9076126  0.00672492 0.01101783 0.00701827
0.00906814 0.00541907 0.00585389 0.01676545 0.9243798  0.00769858 0.01672853 0.00486101
0.00924148 0.00669788 0.00725713 0.03268242 0.90447253 0.0073216 0.01545543 0.00724876
0.0092772  0.00628618 0.00646473 0.02814603 0.9073672  0.00670871 0.0192621  0.00680476
0.00837678 0.00568786 0.005701   0.01907252 0.9252636  0.00644866 0.01528346 0.00561407
0.00870054 0.00553874 0.0044709  0.00386359 0.920303   0.00614144 0.03510356 0.00595961
0.01186511 0.00830744 0.00889923 0.11079449 0.8111768  0.00826272 0.01933458 0.00916644
0.00947153 0.0061975  0.00642207 0.03105226 0.9070753  0.00826017 0.01753589 0.00509334
0.01066365 0.00710239 0.00719775 0.08585843 0.85110366 0.00790911 0.0135969  0.00666161
0.01025414 0.00724629 0.00762522 0.05629005 0.87233037 0.00668974 0.01866565 0.00976635
0.01118293 0.00853238 0.00911429 0.07451906 0.8417537  0.00732107 0.02398662 0.01125432
0.01062034 0.00758407 0.00860005 0.03653535 0.8856467  0.0122222 0.02376738 0.00553487
0.01019721 0.00768579 0.00877305 0.04210196 0.8821606  0.0087965 0.02134523 0.0085333 
0.00939371 0.00680487 0.00702219 0.02844466 0.90622365 0.00842079 0.01892339 0.00586716
0.01290968 0.00918351 0.01024325 0.1616648  0.75575644 0.00984268 0.01779149 0.00991724
0.01049556 0.01098412 0.00877443 0.03909645 0.85373545 0.00594761 0.03652327 0.02263976
0.01159706 0.00889512 0.00841139 0.07908942 0.8352791  0.0061223 0.02444743 0.01179583
0.01069527 0.00834322 0.00852209 0.08267877 0.8498016  0.0072577 0.0132354  0.00922138
0.013063   0.01134594 0.01314191 0.14115329 0.757841   0.0093264 0.02425872 0.01684717
0.01208133 0.01184429 0.01150149 0.02065119 0.87985575 0.01071894 0.02111946 0.02020519
0.01226564 0.01085197 0.01368768 0.09114937 0.822372   0.01236204 0.01629364 0.01005157
0.01741603 0.01405298 0.014125   0.55969507 0.31367534 0.03099274 0.02512353 0.01048766
0.00809563 0.01134189 0.0066962  0.02886414 0.8839298  0.00585347 0.02611888 0.02152186
0.01900236 0.02410427 0.04268084 0.00211707 0.39052066 0.08859758 0.39729044 0.01362693
0.02347711 0.15272567 0.35381684 0.00143875 0.07617389 0.22109786 0.13515985 0.00879622
0.02632633 0.04329696 0.55815905 0.02464363 0.14863029 0.13505729 0.03446829 0.00625697
0.02132421 0.06739429 0.2607755  0.00233866 0.08617345 0.30259842 0.23133962 0.00386544
0.02794144 0.30076316 0.23313679 0.00943173 0.14304365 0.07537497 0.07084456 0.11237595
0.01564562 0.03041557 0.01352594 0.71819127 0.12562168 0.01062101 0.05459017 0.01700896
0.01663164 0.02079641 0.01595228 0.7621477  0.04097376 0.08012641 0.03233714 0.01582313
0.01668178 0.01879155 0.01717619 0.75806606 0.06015783 0.06600723 0.03029622 0.01758383
0.02128026 0.02641958 0.02195295 0.28503132 0.22047293 0.29962388 0.08932551 0.01821454
0.01995501 0.02461013 0.02125637 0.28381053 0.16545914 0.3695199 0.07885935 0.01923431
0.01766961 0.01931577 0.01615304 0.4575105  0.06363224 0.36134377 0.03615461 0.01397185
0.01407624 0.01669627 0.0110586  0.3534599  0.02508245 0.52922636 0.02817609 0.0106984 
0.01453867 0.01522332 0.01141944 0.7831681  0.01926276 0.11507268 0.01715161 0.01180417
0.01700333 0.01905152 0.01538584 0.37160292 0.0578005  0.45037943 0.04119412 0.01363317
0.00771583 0.00869115 0.00618048 0.08500119 0.02938293 0.8251352 0.02695316 0.00483925
0.01588761 0.01603126 0.01214807 0.7266188  0.02730901 0.15718785 0.02054236 0.0111605 
0.01591428 0.01727675 0.0131376  0.7225403  0.02510593 0.15682109 0.02252754 0.01321492
0.01515463 0.01905736 0.01388065 0.29239377 0.04628864 0.545741 0.04291942 0.01216613
0.01707128 0.02100752 0.01524097 0.58365566 0.03572198 0.2672594 0.03009642 0.01511681
2.8206774e-03 4.6437806e-03 1.3131178e-03 4.9669868e-03 1.1018650e-02 9.2781383e-01 4.4687867e-02 6.6847767e-04
1.7386974e-03 1.4122521e-03 9.7922969e-04 3.6468825e-03 1.4852994e-02 9.6134764e-01 1.4176977e-02 5.0698966e-04
0.006178   0.00694666 0.0043842  0.06131753 0.02079845 0.86939263 0.0231478  0.00316575
2.7478056e-03 3.4489781e-03 1.4918630e-03 1.2278223e-02 7.7338926e-03 9.5194477e-01 1.7352099e-02 9.2842325e-04
0.00662489 0.00856561 0.00400369 0.08037609 0.01336026 0.855643 0.0230618  0.00325632
0.00674384 0.00691079 0.00455465 0.04667222 0.03420308 0.8609169 0.03158388 0.00309511
0.01292234 0.01807334 0.00897863 0.28776407 0.01463675 0.60788774 0.03138128 0.00799432
0.0070799  0.00951443 0.00447446 0.10095235 0.00990482 0.83799005 0.02111502 0.00362517
0.0038934  0.00498018 0.00239334 0.02011456 0.01260239 0.9280061 0.0234664  0.00152837
0.00866498 0.02164887 0.00471843 0.03044837 0.02260072 0.77349925 0.12933742 0.00303834
0.00511434 0.00582263 0.00326845 0.05901957 0.01142806 0.8928254 0.01617842 0.00253983
0.01353079 0.02150368 0.01127501 0.21273729 0.03100521 0.6389592 0.05083593 0.00927038
0.01580609 0.02745809 0.01446343 0.14455932 0.05297138 0.6230673 0.09980209 0.00960906
0.01088872 0.01782542 0.00807599 0.11427996 0.02547925 0.7528295 0.05690296 0.00560665
0.00773634 0.01448036 0.0048357  0.07081516 0.01273928 0.8384991 0.04155031 0.00365844
0.0084362  0.01653241 0.00565918 0.04737953 0.02075933 0.81790096 0.0733042  0.00368579
0.01282327 0.12854338 0.00624975 0.02742428 0.02257612 0.23819649 0.5533086  0.00284916
0.00697482 0.00830426 0.00486548 0.04787543 0.03079101 0.8548228 0.03690391 0.00373072
0.01513715 0.02897614 0.01251309 0.17544168 0.03561612 0.6303353 0.08285816 0.0078273 
0.00436555 0.00387092 0.00311849 0.0132208  0.03697705 0.90159893 0.03194883 0.00151976
2.6217042e-03 2.0875735e-03 1.6463359e-03 1.2271947e-02 1.5247494e-02 9.5160031e-01 1.1890086e-02 8.4157893e-04
0.00739882 0.00806708 0.00814713 0.00684194 0.08696153 0.7648575 0.11046483 0.00136746
0.00419859 0.00318485 0.00266503 0.01231692 0.05419778 0.89420986 0.02470853 0.00143237
0.00664112 0.0046504  0.00486826 0.00830349 0.16096652 0.7592158 0.04870302 0.00151636
0.01089922 0.01133554 0.00932799 0.0423778  0.14137174 0.6843698 0.08593547 0.00557102
0.0062048  0.00514525 0.00470864 0.03803061 0.05103154 0.86172396 0.02572479 0.00286449
8.0006674e-04 5.1821832e-04 3.7874634e-04 1.5796780e-03 6.4348537e-03 9.8445475e-01 5.1915552e-03 1.2798414e-04
0.01031913 0.00587872 0.00817407 0.00599455 0.40309173 0.47466123 0.08143158 0.0014953 
0.00296339 0.00243744 0.00177861 0.01974726 0.01425246 0.9447132 0.01091091 0.00111766
0.00406727 0.00379802 0.00224352 0.04878995 0.01042292 0.9157828 0.01047324 0.00164336
0.00372488 0.00381557 0.00261354 0.01560098 0.01983569 0.92690194 0.0229876  0.00158958
0.00551991 0.00570157 0.00372267 0.06742268 0.01588802 0.8791345 0.01573304 0.00291588
0.01853845 0.01795277 0.01545468 0.33523732 0.13015415 0.41045374 0.0466458  0.01131309
0.01845271 0.01883657 0.01907833 0.19703108 0.23340285 0.41327927 0.07440797 0.01090797
0.01712497 0.01759931 0.01355461 0.18178724 0.13549289 0.53401166 0.07716005 0.00952917
0.00743265 0.0078409  0.00659534 0.06253481 0.03935851 0.83689946 0.029677   0.0040713 
1.8397429e-03 1.6068114e-03 1.0499257e-03 1.1612396e-02 6.1437241e-03 9.6881145e-01 7.0405607e-03 6.3490070e-04
0.0061663  0.00516379 0.00394455 0.06883514 0.02895681 0.8639361 0.01607663 0.00262861
0.01145605 0.01245691 0.00889733 0.20860752 0.03478459 0.6809636 0.02633499 0.0076192 
1.6969773e-03 1.5339169e-03 9.0779609e-04 1.0194466e-02 5.4773199e-03 9.7141999e-01 6.9470545e-03 5.9324707e-04
2.4918059e-03 3.4292329e-03 1.4160845e-03 3.5211688e-03 1.2421837e-02 9.3681651e-01 3.7350751e-02 6.1974279e-04
0.01466504 0.0101547  0.01260012 0.82488364 0.07990465 0.02573854 0.01087529 0.00869755
2.0312772e-03 1.6797648e-03 1.2406402e-03 1.0423629e-02 9.9611320e-03 9.6377712e-01 8.7974239e-03 7.0993061e-04
2.3963477e-03 2.6866528e-03 1.4806913e-03 1.2294752e-02 6.6262204e-03 9.5989710e-01 1.1959362e-02 8.7949453e-04
0.01888141 0.01480366 0.01521738 0.13865346 0.48607752 0.21819915 0.08214865 0.00947746
0.00759085 0.00692123 0.00567125 0.06437338 0.04779219 0.83048904 0.02786088 0.00366208
0.00551542 0.00508446 0.00287977 0.08087494 0.01376333 0.87381434 0.01218719 0.00208155
0.0151831  0.01143902 0.01066837 0.08259074 0.28742877 0.49747044 0.07687777 0.00610045
0.00367143 0.00346516 0.00220284 0.03259278 0.01224821 0.9294636 0.01226581 0.00148656
0.00571508 0.0044555  0.00396995 0.02018799 0.06561248 0.8591046 0.03416627 0.00226489
0.01346354 0.01575077 0.00814885 0.06185748 0.12071493 0.61370677 0.14879373 0.00590758
0.01291788 0.01312367 0.00959847 0.8430154  0.01279952 0.07429884 0.01290009 0.01015127
0.01073864 0.01205222 0.01329128 0.87823653 0.03653693 0.01092371 0.01250543 0.01429509
0.01555792 0.0147244  0.01356188 0.78940946 0.06149816 0.05765383 0.02214228 0.01235311
0.01407624 0.01669627 0.0110586  0.3534599  0.02508245 0.52922636 0.02817609 0.0106984 
0.00664112 0.0046504  0.00486826 0.00830349 0.16096652 0.7592158 0.04870302 0.00151636
0.00419859 0.00318485 0.00266503 0.01231692 0.05419778 0.89420986 0.02470853 0.00143237
0.00436555 0.00387092 0.00311849 0.0132208  0.03697705 0.90159893 0.03194883 0.00151976
0.01282327 0.12854338 0.00624975 0.02742428 0.02257612 0.23819649 0.5533086  0.00284916
0.0038934  0.00498018 0.00239334 0.02011456 0.01260239 0.9280061 0.0234664  0.00152837
0.00674384 0.00691079 0.00455465 0.04667222 0.03420308 0.8609169 0.03158388 0.00309511
1.7386974e-03 1.4122521e-03 9.7922969e-04 3.6468825e-03 1.4852994e-02 9.6134764e-01 1.4176977e-02 5.0698966e-04
2.8206774e-03 4.6437806e-03 1.3131178e-03 4.9669868e-03 1.1018650e-02 9.2781383e-01 4.4687867e-02 6.6847767e-04
0.01588761 0.01603126 0.01214807 0.7266188  0.02730901 0.15718785 0.02054236 0.0111605 
0.00771583 0.00869115 0.00618048 0.08500119 0.02938293 0.8251352 0.02695316 0.00483925
0.01453867 0.01522332 0.01141944 0.7831681  0.01926276 0.11507268 0.01715161 0.01180417
0.01588761 0.01603126 0.01214807 0.7266188  0.02730901 0.15718785 0.02054236 0.0111605 
0.00771583 0.00869115 0.00618048 0.08500119 0.02938293 0.8251352 0.02695316 0.00483925
0.00771583 0.00869115 0.00618048 0.08500119 0.02938293 0.8251352 0.02695316 0.00483925
0.01453867 0.01522332 0.01141944 0.7831681  0.01926276 0.11507268 0.01715161 0.01180417
0.01453867 0.01522332 0.01141944 0.7831681  0.01926276 0.11507268 0.01715161 0.01180417
0.01407624 0.01669627 0.0110586  0.3534599  0.02508245 0.52922636 0.02817609 0.0106984 
0.00664112 0.0046504  0.00486826 0.00830349 0.16096652 0.7592158 0.04870302 0.00151636
0.00419859 0.00318485 0.00266503 0.01231692 0.05419778 0.89420986 0.02470853 0.00143237
0.00436555 0.00387092 0.00311849 0.0132208  0.03697705 0.90159893 0.03194883 0.00151976
0.01282327 0.12854338 0.00624975 0.02742428 0.02257612 0.23819649 0.5533086  0.00284916
0.0038934  0.00498018 0.00239334 0.02011456 0.01260239 0.9280061 0.0234664  0.00152837
0.00674384 0.00691079 0.00455465 0.04667222 0.03420308 0.8609169 0.03158388 0.00309511
1.7386974e-03 1.4122521e-03 9.7922969e-04 3.6468825e-03 1.4852994e-02 9.6134764e-01 1.4176977e-02 5.0698966e-04
2.8206774e-03 4.6437806e-03 1.3131178e-03 4.9669868e-03 1.1018650e-02 9.2781383e-01 4.4687867e-02 6.6847767e-04
0.01588761 0.01603126 0.01214807 0.7266188  0.02730901 0.15718785 0.02054236 0.0111605 
0.00533329 0.01844996 0.00274275 0.00424002 0.04927485 0.04715675 0.8662459  0.00186542
0.01293777 0.03039535 0.01396249 0.0365623  0.5345199  0.00974229 0.31465483 0.03358385
0.00627131 0.01782634 0.00547171 0.00293532 0.18828349 0.00671986 0.7554357  0.01043379
0.01085977 0.03106384 0.01068799 0.00796496 0.5609116  0.00771254 0.305903   0.05244124
0.00479007 0.01816247 0.00364507 0.00208485 0.09935255 0.00821836 0.8556697  0.0033172 
0.00857235 0.03897434 0.00697096 0.00182945 0.3063283  0.00794452 0.6017043  0.01837327
5.3499280e-03 2.1092961e-02 5.9880051e-03 5.6166539e-04 1.1213140e-01 1.4720287e-02 8.3154529e-01 2.8052730e-03
7.8180544e-03 4.8776675e-02 1.6877508e-02 5.7173270e-04 9.8147228e-02 1.9055748e-02 7.9575318e-01 4.8835264e-03
0.00704185 0.02006839 0.00497857 0.00239219 0.39112338 0.00646545 0.5482839  0.01240562
0.01108092 0.07944598 0.01058935 0.01325712 0.2746374  0.00747194 0.5560559  0.03555996
0.00951968 0.0110114  0.00728755 0.00632091 0.59987164 0.00879573 0.33516675 0.01117634
0.00938636 0.29888478 0.00779541 0.00692059 0.05259667 0.01052093 0.59902817 0.00727202
0.00470282 0.0518429  0.00288591 0.00286913 0.0479057  0.0067162 0.8758724  0.00314918
0.01416093 0.01811595 0.02012204 0.00843093 0.3530224  0.05660423 0.5092799  0.00588619
0.00484372 0.08669449 0.00353678 0.00163259 0.03257158 0.00856757 0.85505396 0.00290799
0.00993893 0.41541934 0.01487865 0.00151615 0.10043833 0.01723287 0.4243158  0.0072385 
0.01005584 0.10326055 0.00831371 0.01201835 0.10919841 0.0087219 0.7244469  0.01163787
0.00924756 0.22311665 0.01033654 0.00632433 0.0409454  0.01705022 0.67684394 0.00881563
0.00772848 0.00966668 0.00717991 0.00074251 0.23870921 0.0274886 0.6957617  0.00339189
0.00751382 0.724624   0.00587788 0.00340219 0.01127451 0.01500296 0.22239363 0.00234621
0.00923109 0.00638453 0.00736879 0.00485058 0.8243304  0.01526248 0.11693515 0.00569642
0.02122546 0.05311861 0.0767773  0.10906229 0.38786262 0.02022548 0.23544462 0.07202521
0.01465701 0.01813118 0.02593385 0.00204271 0.54568225 0.03832469 0.33282077 0.00715944
0.01203356 0.6263264  0.01433345 0.01307721 0.07801241 0.00896136 0.21772008 0.01951491
0.02456745 0.02335322 0.0703878  0.01380178 0.52287513 0.16841736 0.14612257 0.005121  
0.00764476 0.63496464 0.00581271 0.00291806 0.02485409 0.01029624 0.30254942 0.00385678
0.01254447 0.02268994 0.01449761 0.01037479 0.45681942 0.02431341 0.4395746  0.00718261
0.010081   0.11721674 0.01212915 0.00501901 0.15287429 0.00975327 0.6704492  0.01371454
3.7638780e-03 4.2828459e-02 3.9738519e-03 4.6327271e-04 4.3142170e-02 8.3876504e-03 8.9256871e-01 1.5082681e-03
0.0039648  0.01239486 0.0023117  0.00162219 0.06140774 0.01557826 0.8962145  0.00226555
0.00435141 0.11980958 0.00337121 0.00082575 0.0345897  0.00672356 0.8240577  0.00295514
0.00342754 0.02350899 0.00216658 0.00116468 0.03586971 0.00833955 0.91979665 0.00212974
0.00352616 0.09028168 0.00136205 0.00115003 0.00943771 0.02132971 0.86888087 0.0009554 
0.00854898 0.6402679  0.00748273 0.00418301 0.03192165 0.00957898 0.28470823 0.00515768
0.00543488 0.17997715 0.00270027 0.00254063 0.01474812 0.01979074 0.76884174 0.00177407
0.00992032 0.01643095 0.00644477 0.01393497 0.60037917 0.00770515 0.32453611 0.0105481 
0.00646476 0.02017005 0.004397   0.00591557 0.10236622 0.01818843 0.83319837 0.00367269
0.00786095 0.10754284 0.0066952  0.00644352 0.07518592 0.00839593 0.7741901  0.00720579
0.00621872 0.12650126 0.00523838 0.00370697 0.02292412 0.01932043 0.8080227  0.00317593
0.00616373 0.09251489 0.00380881 0.0045543  0.0394948  0.00958808 0.8342766  0.00401744
0.00420559 0.02668981 0.00215039 0.00262195 0.03440716 0.01947262 0.905137   0.00174006
1.0277804e-03 2.5747936e-02 3.6327585e-04 3.7268615e-05 2.1320558e-03 2.1477535e-02 9.4793749e-01 1.1138520e-04
3.2246669e-03 8.0685709e-03 2.0919521e-03 6.0792215e-04 8.0416963e-02 7.1286592e-03 8.9243597e-01 2.4441623e-03
0.00511835 0.12935105 0.00302297 0.00205985 0.01393816 0.02420818 0.81607157 0.00162947
0.00486558 0.0533081  0.00164043 0.0038588  0.01147537 0.11281653 0.807627   0.00089036
0.00565098 0.2727214  0.00305367 0.00167796 0.00921062 0.02774689 0.67388856 0.00135021
0.01012521 0.7429712  0.01249699 0.01026744 0.01983482 0.01518075 0.17219049 0.00798712
0.00793403 0.25225574 0.00426096 0.00837757 0.01518594 0.03294937 0.671643   0.00223406
3.4515883e-03 9.5475204e-02 1.7196650e-03 6.8469404e-04 6.2413821e-03 4.0127967e-02 8.4822065e-01 6.6001329e-04
0.00831853 0.49865288 0.00624264 0.00474606 0.01525065 0.01880233 0.437355   0.00340617
0.00446458 0.10632591 0.0020638  0.00192156 0.01119309 0.03000031 0.8391222  0.00135945
0.0127663  0.6597492  0.00965785 0.03180875 0.02330071 0.01415815 0.22969666 0.00456039
0.00376615 0.13739635 0.00234274 0.00089078 0.00840891 0.02294801 0.82056147 0.00096497
0.00555818 0.08788836 0.00370267 0.00348892 0.03073183 0.01165738 0.8491437  0.00319579
0.0163421  0.10284639 0.01336436 0.08278714 0.06566972 0.07633039 0.61883384 0.01110239
0.01865282 0.09090181 0.01150323 0.09962495 0.07868879 0.08958265 0.5889903  0.00853962
0.00562466 0.1233214  0.0033988  0.00318887 0.02246944 0.01369637 0.8218898  0.00201252
0.00737275 0.11048213 0.00637159 0.00575155 0.03491808 0.02103848 0.8014666  0.00594603
0.01077601 0.01837095 0.00622776 0.02966705 0.31476772 0.00811007 0.5852718  0.01325245
0.00957151 0.04907291 0.0065564  0.01813613 0.15420473 0.00924865 0.73352486 0.01068765
0.00689073 0.03346452 0.00576698 0.00515534 0.16177593 0.00717882 0.7648573  0.00847753
0.00691345 0.00889469 0.00367826 0.00099721 0.6071834  0.00807032 0.3496693  0.00652882
0.01006349 0.02304861 0.01101125 0.00832142 0.76158017 0.00891027 0.14079975 0.02559228
0.00907066 0.04239988 0.00689373 0.01290967 0.11251329 0.02077372 0.7816043  0.00576825
0.00526541 0.06162508 0.00383429 0.00167831 0.0644481  0.0086176 0.8448167  0.00319856
0.01067856 0.22001848 0.01527111 0.00788126 0.07690395 0.01412759 0.63618106 0.01085005
4.3701781e-03 3.3285499e-02 2.7536831e-03 4.5268479e-04 1.2965596e-01 7.2755180e-03 8.1429666e-01 2.6401519e-03
0.01495308 0.259942   0.01946997 0.00735493 0.38256475 0.01095437 0.22490291 0.0696623 
0.01457063 0.09543833 0.01753697 0.04283319 0.3130842  0.00971681 0.44643566 0.04620031
0.00853989 0.01388687 0.00639476 0.00552622 0.46414635 0.00655659 0.46239632 0.02160062
0.00748852 0.02476002 0.00533918 0.00843687 0.1595515  0.01078306 0.769992   0.00655228
0.00882356 0.01079468 0.00752066 0.00192261 0.48187697 0.01493527 0.45728338 0.00722417
0.01004621 0.01787687 0.00807994 0.01642941 0.40460125 0.00810516 0.5050155  0.01797538
0.0110662  0.04002962 0.00703383 0.02082053 0.62307537 0.00642074 0.20030634 0.07367843
0.00896306 0.00971258 0.00600136 0.00559444 0.4250812  0.01968775 0.5095069  0.00579973
0.01095544 0.02489409 0.00721408 0.03000748 0.20725155 0.01450498 0.6850939  0.00950154
0.0101551  0.05619017 0.00774097 0.02038476 0.24740225 0.00684535 0.62154496 0.01896922
0.00937933 0.01180292 0.00611218 0.00939927 0.4854173  0.01203273 0.44773784 0.00802328
0.00628812 0.02372116 0.00441993 0.00555145 0.11302864 0.01018788 0.8261068  0.00474269
0.00871352 0.13351458 0.00591654 0.01160752 0.04441702 0.02051257 0.7643767  0.00414503
0.00835147 0.0443189  0.00718674 0.01036718 0.12324307 0.00952634 0.7742479  0.01299047
0.00624366 0.02022426 0.00508596 0.00334029 0.17917565 0.00683989 0.7645788  0.00660132
0.00497722 0.01939836 0.00435222 0.00192187 0.10723947 0.00794609 0.8446783  0.00444172
0.00763341 0.02356192 0.00622521 0.0069802  0.22955547 0.00695486 0.69584376 0.01396373
0.00464118 0.03004788 0.00307058 0.00215291 0.06799034 0.00968794 0.87500006 0.00298436
0.00783784 0.01058831 0.00473639 0.00127266 0.6109128  0.0075916 0.33566758 0.01178438
0.00738568 0.29055932 0.00889297 0.00257662 0.03296309 0.01554916 0.63308    0.00389209
0.01393384 0.14864153 0.0111878  0.02812196 0.1510541  0.01108343 0.59658325 0.01943596
0.01324976 0.125698   0.02368974 0.00952051 0.25695047 0.019492 0.522451   0.01607009
0.0080087  0.0066359  0.00480549 0.0035313  0.9138858  0.00682418 0.03992303 0.0073369 
0.00774012 0.0129627  0.00687075 0.00638219 0.8899327  0.00731478 0.05285439 0.00837896
0.01095873 0.00838071 0.00841332 0.02776748 0.8577413  0.00683991 0.05557762 0.01199364
0.01002722 0.02693482 0.00890168 0.02091075 0.7975423  0.00687628 0.09187193 0.02752582
0.00968156 0.01510791 0.00699128 0.01499258 0.72800326 0.00618412 0.18764324 0.02024408
0.01132649 0.08889172 0.00968107 0.00623761 0.46879676 0.00818443 0.3483173  0.04885983
0.00945385 0.08999707 0.00681828 0.01413761 0.0900483  0.01119976 0.76238996 0.00780888
0.01001336 0.7828974  0.00977095 0.00583501 0.03133693 0.01024936 0.1318318  0.00322334
0.00506702 0.00937375 0.0034158  0.0015751  0.12475152 0.01722882 0.8304218  0.00244549
2.5771069e-03 6.4108255e-03 1.5184093e-03 1.5914001e-04 6.0039852e-02 8.1914067e-03 9.1671330e-01 1.0459538e-03
0.00956726 0.03640599 0.00633871 0.02068936 0.20168233 0.00772812 0.6928137  0.0138929 
0.01054659 0.01242423 0.0114957  0.01233865 0.01140401 0.01084197 0.01070319 0.90960014
0.01127103 0.00996373 0.01234097 0.01232856 0.01207484 0.01138178 0.01160752 0.9063705 
0.01110841 0.01054225 0.01105317 0.01404187 0.01229999 0.01096826 0.01005115 0.908748  
0.01073663 0.01222982 0.01170845 0.01339228 0.01177545 0.01083112 0.00991881 0.9083906 
0.01149074 0.01932107 0.01409845 0.01738846 0.01461842 0.01147018 0.00980225 0.890002  
0.01042226 0.01455795 0.01328953 0.01233495 0.011105   0.01086222 0.00929177 0.90773493
0.01073047 0.0116507  0.01332912 0.0138343  0.01246149 0.01113157 0.0115554  0.9035431 
0.0104669  0.01128741 0.01236245 0.01294577 0.0121188  0.01104341 0.0111259  0.90697986
0.01054566 0.01429817 0.01334909 0.01452852 0.01187275 0.01068526 0.01019787 0.9031616 
0.00903392 0.02758477 0.00976875 0.00726672 0.01077555 0.01081108 0.00362951 0.9161807 
0.01079253 0.01236698 0.01253348 0.01334419 0.0112616  0.01084678 0.00987133 0.9074767 
0.01048977 0.01242572 0.01225966 0.01383773 0.01313432 0.01110875 0.01093259 0.9036572 
0.01067283 0.011034   0.01111098 0.01261472 0.01144594 0.01070466 0.01071157 0.910986  
0.01075006 0.00936344 0.01165213 0.01147193 0.01096008 0.0104706 0.01131367 0.9128735 
0.01050316 0.0109644  0.01429497 0.01338606 0.01245828 0.01108998 0.01095278 0.90290725
0.01032042 0.01579989 0.01518789 0.01025461 0.00727938 0.00991893 0.00844608 0.9136067 
0.01065167 0.01252166 0.01382609 0.01463546 0.01269135 0.01098191 0.00923797 0.90419173
0.01058229 0.01318879 0.01655065 0.01553592 0.01293396 0.01093888 0.01059227 0.8971184 
0.01042935 0.01210537 0.01169297 0.01178778 0.01080445 0.0106832 0.01044927 0.9112654 
0.0104542  0.01362481 0.01250647 0.01384027 0.01312523 0.0111344 0.01074328 0.90301454
0.010664   0.00970065 0.01067358 0.0110268  0.01158269 0.01137894 0.00996046 0.9137518 
0.01048971 0.01203527 0.01467408 0.01249419 0.01188608 0.01073259 0.01085682 0.90528166
0.01196676 0.01398091 0.01597791 0.02082153 0.01683312 0.01223957 0.01187932 0.8796911 
0.01087772 0.00968511 0.01158599 0.01210179 0.0114287  0.01096543 0.0115393  0.9102932 
0.01058101 0.01174005 0.01141541 0.01197451 0.01037731 0.01062657 0.00974806 0.91346943
0.01074107 0.01181385 0.01415636 0.01383035 0.01256477 0.01108747 0.01145379 0.9022483 
0.0107791  0.01454674 0.01241631 0.01461156 0.01187361 0.01080036 0.00928225 0.9060566 
0.01073479 0.01094284 0.01263727 0.01274358 0.01182446 0.01087181 0.01154621 0.90693027
0.01090272 0.0180299  0.01229485 0.01596163 0.01356207 0.01077387 0.00915845 0.89935964
0.01076672 0.01127568 0.01274019 0.01397565 0.0125616  0.01112073 0.0116114  0.9043565 
0.01017188 0.01234009 0.01224568 0.01274806 0.01233314 0.01083249 0.010436   0.9079266 
0.01040715 0.01398311 0.0135201  0.01331606 0.01149588 0.0108382 0.00992736 0.9053675 
0.0105472  0.013512   0.01699729 0.01365722 0.01153173 0.01087311 0.01005426 0.90096533
0.01086772 0.01676365 0.01776704 0.01590687 0.01238312 0.01082603 0.00961146 0.89473826
0.01051631 0.00907692 0.01095063 0.01102366 0.01013339 0.00989357 0.01095089 0.91820854
0.010507   0.01089899 0.012361   0.01225953 0.01142815 0.01076582 0.01091839 0.9091728 
0.0108678  0.0091936  0.01180567 0.01152375 0.01009192 0.01067681 0.01063212 0.9138569 
0.01045652 0.0115748  0.01301292 0.01332084 0.0126377  0.01106987 0.0111804  0.90436155
0.01078006 0.01398509 0.0159154  0.01540605 0.01303139 0.01126958 0.01084983 0.8969222 
0.01048173 0.01256404 0.01303945 0.01293788 0.01143631 0.01076659 0.01023713 0.907282  
0.01059161 0.01160695 0.01195854 0.01256098 0.01124668 0.01067477 0.01068449 0.9096589 
0.01068436 0.01120365 0.01332277 0.01264654 0.01195505 0.0109094 0.01126532 0.90667117
0.01096187 0.0098949  0.01225378 0.01053116 0.01005879 0.01074441 0.01093395 0.912858  
0.01079996 0.01032375 0.01167138 0.01217308 0.01144754 0.01103614 0.01177616 0.9092935 
0.01072245 0.01305265 0.01692544 0.01430872 0.01258305 0.01118409 0.01006434 0.8991062 
0.01232621 0.01824445 0.01516117 0.01163756 0.01034127 0.01270601 0.01045647 0.89376277
0.01087779 0.00938792 0.01267091 0.01208312 0.01078643 0.01083626 0.01104507 0.9102917 
0.01070128 0.01091273 0.01145396 0.01168997 0.0110788  0.0106737 0.01133158 0.9111187 
0.0107687  0.01237421 0.01233232 0.01133573 0.01094018 0.01052632 0.01094428 0.90983564
0.01077001 0.01093688 0.01284159 0.01181129 0.01163011 0.01080208 0.01117565 0.9083465 
0.01063901 0.01063956 0.01263926 0.01348367 0.01236414 0.0111466 0.01061316 0.90566283
0.01096073 0.01069589 0.01168189 0.01263318 0.01179533 0.01130325 0.01173963 0.907792  
0.0105796  0.01099037 0.01278639 0.01243614 0.01074495 0.01059027 0.01008813 0.91004014
0.01051964 0.01414952 0.01415829 0.01341077 0.00960974 0.01009879 0.00866511 0.9098811 
0.01059183 0.01409471 0.01394578 0.01395487 0.01153637 0.01088169 0.00886086 0.904914  
0.01061193 0.01183232 0.01138133 0.01282226 0.01251655 0.01109632 0.01098525 0.90738034
0.0102145  0.01145484 0.01171869 0.01135385 0.01106536 0.01047001 0.01010969 0.91282034
0.01054627 0.01271096 0.01532447 0.01374328 0.0123515  0.0110916 0.01093521 0.90082574
0.01063567 0.01208279 0.01472695 0.01385126 0.0124485  0.01098779 0.01094156 0.90264827
0.01266063 0.0152836  0.05067638 0.02020288 0.01487279 0.01262711 0.01277922 0.8465418 
0.01032807 0.01174974 0.01220892 0.01206585 0.01108035 0.01054855 0.01027238 0.911013  
0.01055624 0.01207531 0.01238479 0.01297525 0.01124185 0.01066503 0.01008014 0.9087129 
0.01082885 0.01295138 0.01480549 0.01716508 0.01487683 0.01151585 0.01135308 0.89368486
0.01060782 0.01411618 0.01284607 0.01227838 0.01221553 0.0107784 0.00856553 0.9104182 
0.0119199  0.01653655 0.036308   0.01403787 0.01165277 0.0120025 0.01110509 0.872466  
0.01124001 0.0173742  0.018423   0.01305793 0.00932072 0.01028334 0.00960887 0.9022846 
0.0103594  0.01325972 0.00903989 0.01105004 0.01373596 0.01020252 0.00972052 0.91568583
0.01045415 0.010973   0.0119988  0.01158595 0.01110682 0.01054921 0.00955493 0.9131754 
0.01023496 0.01472464 0.01204591 0.01252475 0.01214688 0.01071819 0.00922553 0.9087272 
0.01170398 0.03385824 0.01802416 0.01889473 0.01280882 0.01068245 0.0102627  0.8759574 
0.01394228 0.04062105 0.03469998 0.02024218 0.01409451 0.01236409 0.00980455 0.84348494
0.01203024 0.01436127 0.03822038 0.01683962 0.01320746 0.0120501 0.01195516 0.86748934
0.01068997 0.01506402 0.01149223 0.01446636 0.01339735 0.01119308 0.00974999 0.90476924
0.01137866 0.0169571  0.01468389 0.01958328 0.01255362 0.01076756 0.00978326 0.8954514 
0.01045622 0.01177434 0.01107466 0.01455727 0.01385474 0.01097043 0.01069008 0.9061802 
0.01061467 0.01076727 0.01011645 0.01243501 0.01263684 0.01093919 0.01049102 0.9118741 
0.01047281 0.01417652 0.01168844 0.01377044 0.01348047 0.01123066 0.00950024 0.90543294
0.01060906 0.01254693 0.01313899 0.01515269 0.01343985 0.01100421 0.01147533 0.9011301 
0.01077327 0.01099159 0.01225021 0.01276852 0.0123517  0.01093432 0.01105088 0.90738666
0.01082348 0.01167702 0.01309137 0.01439177 0.01288205 0.01121813 0.01168777 0.9026401 
0.01063429 0.01330468 0.01202704 0.01450024 0.01782655 0.01154218 0.01080922 0.89894   
0.01034295 0.01461281 0.01205711 0.01343163 0.01050977 0.01052242 0.00926202 0.9098736 
0.010817   0.01144404 0.01284329 0.01413996 0.01308706 0.01151171 0.01173401 0.9018129 
0.01078997 0.01262161 0.01297456 0.01229366 0.01086757 0.01129939 0.00899659 0.90957844
0.01085657 0.01022337 0.01302857 0.01051201 0.00889454 0.01056817 0.00978538 0.91512704
0.01069731 0.01089075 0.01160549 0.01241071 0.01173692 0.01107179 0.01140538 0.90895367
0.01056757 0.01155836 0.01228248 0.01288715 0.01203475 0.0110656 0.01078971 0.907045  
0.01058987 0.01165403 0.01408707 0.01257823 0.01167863 0.01084378 0.01122621 0.9056181 
0.01053813 0.01161799 0.01230817 0.01291953 0.01197758 0.01102032 0.0108634  0.90692997
0.01041096 0.01178206 0.01229636 0.01330125 0.01359515 0.01121339 0.01108876 0.9043084 
0.01060566 0.01254785 0.01213706 0.01313404 0.01293213 0.01128779 0.01101163 0.9044178 
0.01063891 0.01383603 0.01530096 0.01510888 0.01302085 0.0110845 0.00982627 0.9004062 
0.01064953 0.01143142 0.01094897 0.0126164  0.01202009 0.01100486 0.01133148 0.90928835
0.0107501  0.01148322 0.01173836 0.01312391 0.01256432 0.01132793 0.0113562  0.90589863
0.01039343 0.01157573 0.01244538 0.01226709 0.01165718 0.01077769 0.0109528  0.9086458 
0.01042126 0.01247861 0.01141152 0.0127234  0.01103483 0.0106642 0.00970133 0.9117089 
0.01090859 0.01056155 0.0122237  0.01330643 0.01248142 0.01136804 0.01206108 0.90511113
0.01075444 0.01189009 0.01248374 0.01349474 0.01308382 0.01150264 0.01153397 0.9025458 
0.01069424 0.01195484 0.01228435 0.01445019 0.01289448 0.01083112 0.01049854 0.90474886
0.01090251 0.0140401  0.01127385 0.01532331 0.01834083 0.01189724 0.01102289 0.89447945
0.00959229 0.01708963 0.00934656 0.02466006 0.00380527 0.0078763 0.00327901 0.00619094
0.00988629 0.01702776 0.01097934 0.01931666 0.00343594 0.00825961 0.00360774 0.00988588
0.00947008 0.03150399 0.0096235  0.01256071 0.00305424 0.00796831 0.00263688 0.00587798
0.01230988 0.02804552 0.01407674 0.02741755 0.00386446 0.00978119 0.00416101 0.00923776
0.01147861 0.03311356 0.01198686 0.02011278 0.00346611 0.00916471 0.00340076 0.00753212
0.01110682 0.02648265 0.01088465 0.02456957 0.00357675 0.00856298 0.00313453 0.00666605
0.01819748 0.04836185 0.0205336  0.0732577  0.00586263 0.01397192 0.00633355 0.0119582 
0.00945656 0.01806692 0.00999578 0.01867827 0.00350342 0.00774478 0.00318659 0.00737388
0.01362926 0.04871352 0.01711306 0.02050749 0.00344591 0.01096184 0.00453471 0.0118809 
0.00854372 0.01485756 0.00805166 0.01884553 0.00447883 0.00748197 0.00304515 0.00694222
0.01315989 0.03110123 0.01286703 0.03996553 0.0045962  0.01004271 0.00430415 0.00749273
0.01251603 0.04114638 0.0120715  0.02570331 0.00397543 0.00949995 0.00349562 0.00638971
0.01517918 0.02599028 0.01487552 0.08418939 0.00637268 0.01085398 0.00640284 0.01053466
0.01019877 0.01495987 0.01078284 0.02908619 0.00438982 0.00822265 0.00403304 0.00956363
0.01276915 0.03012481 0.01183917 0.04313445 0.00449134 0.00971282 0.00402331 0.00633906
0.00991977 0.01941551 0.00969927 0.02630515 0.004737   0.00810996 0.00416069 0.00838798
0.01216533 0.02609426 0.01154914 0.02431641 0.00763834 0.01075933 0.00573962 0.01905584
0.00933326 0.01747648 0.00904956 0.01641045 0.00509256 0.00824839 0.00360367 0.0114756 
0.01421403 0.03744895 0.01430702 0.04623961 0.00544871 0.01120702 0.00497315 0.00950447
0.01108543 0.00927846 0.01110484 0.06197799 0.00948132 0.0092571 0.00734232 0.01665478
0.02609035 0.09988693 0.02438166 0.06972976 0.02402324 0.01990444 0.01796472 0.06340933
0.0192256  0.04106863 0.02275735 0.11558793 0.00665599 0.01444837 0.00790117 0.01347831
0.01424809 0.04807629 0.0131219  0.04708932 0.00586418 0.01083237 0.00421263 0.00664611
0.00689827 0.00673893 0.00697536 0.01427289 0.00447379 0.00610398 0.00349964 0.01082179
0.00592798 0.00494901 0.00499559 0.01752045 0.00343451 0.00497525 0.00253431 0.00484853
0.00524597 0.00384858 0.004311   0.01531788 0.00321533 0.00432227 0.00234965 0.00438858
0.01173164 0.0069312  0.01282958 0.0436578  0.00880472 0.01123705 0.00872877 0.04218217
0.00817005 0.00814612 0.00813844 0.02075842 0.00374688 0.00700572 0.00352029 0.00960704
0.00863492 0.01105075 0.00763488 0.02686572 0.00398926 0.00695614 0.00321109 0.00617754
0.00675366 0.01013888 0.00611003 0.01104859 0.00272666 0.00570294 0.00224476 0.00592521
0.01969118 0.06056858 0.01752402 0.11265175 0.0075445  0.01275146 0.00674987 0.00940823
0.00948805 0.00589406 0.00806282 0.08790909 0.00687602 0.00700947 0.00538673 0.0066944 
0.01936721 0.04543887 0.02152763 0.08534703 0.00668439 0.01487318 0.00771239 0.01505445
0.03176499 0.20670663 0.03343863 0.37363666 0.02028443 0.01696337 0.02237484 0.02220817
0.01348556 0.01306383 0.01206999 0.1101426  0.0091235  0.00981531 0.0069127  0.01216712
0.01738833 0.01489809 0.01711675 0.53383684 0.01140445 0.01211535 0.01078077 0.00922488
0.00605715 0.00787916 0.00536789 0.01067403 0.00249327 0.0051185 0.00205998 0.00487262
0.01585295 0.03865881 0.01605603 0.05416174 0.00513591 0.01123514 0.00498355 0.01118805
0.00716049 0.00859459 0.00645999 0.01581191 0.00326007 0.00591714 0.00270425 0.00697917
0.01035479 0.01295802 0.00927641 0.03557957 0.00585727 0.00801875 0.00484939 0.01159382
0.01568526 0.01066573 0.01312415 0.48877963 0.02347646 0.01028801 0.01404264 0.01111336
0.02297893 0.05937333 0.02084019 0.31077603 0.01181739 0.01446996 0.00871998 0.00994069
0.01354268 0.01536593 0.01138013 0.13491121 0.00890732 0.00928091 0.00640097 0.00845663
0.02358166 0.05437743 0.02396578 0.56204855 0.01043912 0.01431134 0.01027453 0.00908282
0.016155   0.03501542 0.01398417 0.09817286 0.00729464 0.01102491 0.00582964 0.00811218
0.01266991 0.01936105 0.01450048 0.03564915 0.00434599 0.01014272 0.0050455  0.01530357
0.01043867 0.00606968 0.00902209 0.1137352  0.00746683 0.00767969 0.0060204  0.00780605
0.00802497 0.00918554 0.00716299 0.02324948 0.00363489 0.00635402 0.00299309 0.00703764
0.009214   0.01190275 0.00887786 0.01932982 0.00435566 0.00763239 0.00377679 0.01291313
0.01074161 0.01436585 0.00950278 0.04355493 0.00442306 0.00820498 0.00350186 0.00725863
0.00977941 0.01667725 0.00975422 0.02350232 0.00351084 0.00800685 0.00355344 0.00729724
0.00834144 0.00668923 0.00825007 0.02885741 0.00422355 0.00722002 0.00427945 0.01226595
0.01974114 0.02209898 0.01868248 0.38342875 0.01393401 0.01322278 0.01136491 0.01313749
0.01544734 0.00754936 0.0122809  0.49447387 0.09434688 0.01066144 0.02353642 0.02233702
0.00749678 0.00670194 0.00659307 0.02547    0.00357774 0.00600337 0.0029435  0.00652752
0.00648885 0.0036346  0.00596774 0.02096948 0.00523028 0.00556573 0.00390927 0.01243241
0.010263   0.00676877 0.00937242 0.06260239 0.00644339 0.00847708 0.00510478 0.0110053 
0.00903929 0.01314465 0.00810996 0.0229121  0.00391477 0.00717384 0.00317414 0.00798729
0.00713505 0.00504375 0.00644986 0.02422454 0.00466111 0.00587452 0.00376465 0.01010468
0.01495352 0.02785707 0.01575144 0.05058547 0.00534747 0.0109877 0.00532594 0.01341859
0.0105946  0.01874814 0.00943648 0.03175703 0.00450516 0.00793056 0.00364078 0.00779678
0.01370758 0.01848807 0.0122348  0.09703173 0.0070951  0.00993319 0.00538202 0.00792805
0.01996698 0.03545735 0.02259136 0.11632451 0.0082341  0.01419589 0.00911177 0.02480411
0.01409031 0.01330582 0.01253822 0.17410767 0.00891222 0.00967122 0.00662513 0.00776806
0.00748507 0.00696969 0.00809853 0.01540068 0.0032332  0.00674056 0.00346655 0.01127879
0.02022532 0.03047986 0.01989607 0.56227726 0.01388965 0.01240735 0.01266033 0.01172048
0.00853021 0.00351519 0.00661709 0.07868146 0.01315923 0.00599519 0.00646086 0.01091539
0.00869787 0.00756805 0.00773016 0.04284173 0.00444662 0.00671149 0.00351869 0.00612884
0.01157    0.01233982 0.01022232 0.07253568 0.00660797 0.00848857 0.00494673 0.00895129
0.00866758 0.00753528 0.00876678 0.03036862 0.00416029 0.00733626 0.0040594  0.0112681 
0.01688004 0.01997312 0.01580588 0.21214859 0.01215149 0.0115397 0.00846309 0.0118317 
0.01361121 0.02130351 0.01263788 0.0622151  0.00576911 0.01030985 0.00506334 0.0114963 
0.01203644 0.01117299 0.01163613 0.0724     0.00592442 0.00943072 0.00551419 0.01306247
0.01034352 0.00904343 0.00885098 0.0794806  0.00683414 0.00741006 0.00484979 0.00654132
0.0087794  0.01705494 0.00790874 0.0264901  0.00360086 0.00696996 0.0026512  0.00325897
0.01180428 0.07131352 0.01025158 0.03111304 0.00773346 0.01025532 0.00370069 0.00348178
0.01906379 0.1624223  0.01595234 0.10817914 0.01160206 0.01461772 0.00715266 0.00361436
0.00569642 0.00705111 0.00491585 0.01515045 0.00364447 0.00512647 0.00211549 0.0030501 
0.01738964 0.03814484 0.01507922 0.1898802  0.00947527 0.01234503 0.00565637 0.00512232
0.01133032 0.02593459 0.00997955 0.0384005  0.00450795 0.00841704 0.00320307 0.00474287
0.01596543 0.03187469 0.01495417 0.17528988 0.00981849 0.01203544 0.00567381 0.00444339
0.01008068 0.01801033 0.00870181 0.04358122 0.00651335 0.00759366 0.00404612 0.00557324
0.00846784 0.01855462 0.00720169 0.02202985 0.00369974 0.00674413 0.00257296 0.00357428
0.02146597 0.06855138 0.02166075 0.1490262  0.00679983 0.01439648 0.00618191 0.00564171
0.01398748 0.00529481 0.01461966 0.03557985 0.01375604 0.01496258 0.01259738 0.08899897
0.01150992 0.04406103 0.0134623  0.05813964 0.01252115 0.01286304 0.00371488 0.00418964
0.00906737 0.0101324  0.0103699  0.01211134 0.00642384 0.00886268 0.00459735 0.02144823
0.00906737 0.0101324  0.0103699  0.01211134 0.00642384 0.00886268 0.00459735 0.02144823
0.01223959 0.04551743 0.01026565 0.04467478 0.00483963 0.0089996 0.00333261 0.00282993
0.00606712 0.00289644 0.00611581 0.0176697  0.00853193 0.00543367 0.00428127 0.01767489
0.00750859 0.02010634 0.00591106 0.02187372 0.00493126 0.00633187 0.00195868 0.00330897
0.00480593 0.00550792 0.00396541 0.01263451 0.00486003 0.00441463 0.00190192 0.00375038
0.00757923 0.00860022 0.00618968 0.04145415 0.00641076 0.00600002 0.00313161 0.00442971
0.01079007 0.01089535 0.01196043 0.01954441 0.0091589  0.01015161 0.00599319 0.04344433
0.0044276  0.0049338  0.00425807 0.00634029 0.00453449 0.00444835 0.00168271 0.00661604
0.00491635 0.00693356 0.00429981 0.00648747 0.00354659 0.00469109 0.00165639 0.00585025
0.00412899 0.00361411 0.00359049 0.00771353 0.00314828 0.00370323 0.00167225 0.00405804
0.00448474 0.00272242 0.00446735 0.00883218 0.00624665 0.00441761 0.00235084 0.01063658
0.0054036  0.0064153  0.00494131 0.01062131 0.00573031 0.00511896 0.00220639 0.00745424
0.00871187 0.01339    0.00834426 0.02130036 0.0038867  0.00736475 0.00304343 0.00654257
